Year Month Day Hour temperature total_precipitation pressure wind_u wind_v longwave_radiation convective_fraction potential_energy
2000 1 1 0 -8.1 1.0 73552.3 3.8 2.6 228.4 0.0 1.7
2000 1 2 0 -12.1 1.6 73404.4 4.3 1.5 202.6 0.0 22.8
2000 1 3 0 -16.0 0.6 74053.7 4.2 0.9 185.0 0.0 18.0
2000 1 4 0 -11.7 4.1 74303.4 6.0 4.7 226.1 0.0 0.2
2000 1 5 0 -9.6 4.8 73944.8 7.2 -0.3 232.7 0.0 28.2
2000 1 6 0 -13.8 0.1 74551.9 5.5 1.2 176.1 0.0 2.6
2000 1 7 0 -12.4 0.6 74528.8 4.5 3.4 173.5 0.0 0.0
2000 1 8 0 -11.5 2.0 74021.9 5.5 4.0 200.6 0.0 0.6
2000 1 9 0 -10.2 3.2 73354.7 6.9 2.5 221.3 0.0 5.6
2000 1 10 0 -11.0 6.0 73040.5 10.7 1.7 221.2 0.1 45.5
2000 1 11 0 -6.0 16.0 72892.1 8.5 6.2 248.1 0.1 36.4
2000 1 12 0 -8.9 25.0 73395.8 9.8 3.5 211.8 0.2 45.9
2000 1 13 0 -12.5 11.4 74499.4 2.8 4.1 196.2 0.0 0.0
2000 1 14 0 -4.0 2.8 74605.6 4.6 6.4 248.7 0.0 0.0
2000 1 15 0 -3.4 0.6 74388.1 4.1 4.8 247.6 0.0 0.2
2000 1 16 0 -2.2 5.0 74214.6 2.6 5.5 269.8 0.0 4.9
2000 1 17 0 -5.2 3.0 74447.3 5.8 3.7 201.2 0.1 11.8
2000 1 18 0 -6.4 2.4 74590.1 3.1 2.6 208.1 0.0 0.1
2000 1 19 0 -6.7 4.9 74307.0 5.1 0.5 211.3 0.0 1.3
2000 1 20 0 -7.0 1.3 74325.9 4.2 2.9 218.6 0.0 3.9
2000 1 21 0 -5.7 1.2 73916.2 4.9 1.8 223.9 0.0 21.7
2000 1 22 0 -9.6 0.7 73854.6 4.9 0.7 219.4 0.0 20.0
2000 1 23 0 -11.0 2.7 74140.4 5.3 1.1 191.1 0.0 7.1
2000 1 24 0 -8.4 2.7 74205.7 3.4 3.0 225.7 0.0 0.5
2000 1 25 0 -6.8 2.3 74125.1 0.9 2.7 229.5 0.0 0.2
2000 1 26 0 -6.0 1.3 73849.3 3.5 0.9 238.7 0.0 13.8
2000 1 27 0 -11.9 1.6 74117.7 3.4 -0.8 212.8 0.0 1.7
2000 1 28 0 -12.8 0.7 74399.4 2.7 -0.9 214.0 0.0 0.0
2000 1 29 0 -15.8 0.2 74479.3 1.9 1.1 146.1 0.0 0.0
2000 1 30 0 -14.5 0.6 74175.4 0.1 1.9 142.8 0.0 0.0
2000 1 31 0 -12.2 0.9 74037.3 0.7 3.0 158.9 0.0 0.0
2000 2 1 0 -10.8 2.1 74562.9 3.3 3.4 200.2 0.0 0.2
2000 2 2 0 -4.2 2.4 74807.7 5.9 4.9 244.8 0.0 0.0
2000 2 3 0 -5.2 0.4 75046.1 3.3 -0.4 225.9 0.0 0.1
2000 2 4 0 -9.6 1.6 74737.5 -2.2 2.5 172.7 0.0 0.0
2000 2 5 0 -5.3 3.1 74490.1 2.2 2.7 246.2 0.0 0.3
2000 2 6 0 -5.4 1.7 74749.2 4.5 1.7 219.6 0.0 4.6
2000 2 7 0 -6.3 0.6 75272.2 3.6 2.2 183.9 0.0 0.0
2000 2 8 0 -3.6 0.6 74923.4 4.0 4.0 205.6 0.0 0.0
2000 2 9 0 -2.3 4.2 74248.7 3.9 3.0 259.7 0.0 8.6
2000 2 10 0 -6.0 2.6 73989.5 4.4 2.0 206.1 0.1 31.1
2000 2 11 0 -7.0 4.5 73674.0 3.7 3.3 214.2 0.0 12.6
2000 2 12 0 -5.0 7.6 73350.7 3.7 2.2 248.0 0.0 20.5
2000 2 13 0 -6.8 3.3 73203.5 5.1 3.3 239.3 0.0 20.4
2000 2 14 0 -4.0 16.5 73221.0 6.1 4.8 259.2 0.0 19.8
2000 2 15 0 -5.1 9.3 73616.3 10.6 5.5 242.4 0.0 47.4
2000 2 16 0 -8.0 1.5 74349.4 4.7 2.4 216.4 0.0 14.5
2000 2 17 0 -9.2 1.8 73921.3 -1.7 -1.2 200.6 0.0 0.0
2000 2 18 0 -12.6 0.8 74173.3 3.2 0.0 152.5 0.0 0.0
2000 2 19 0 -11.4 1.1 74652.1 4.0 2.9 152.8 0.0 0.0
2000 2 20 0 -8.1 1.9 74560.8 1.9 4.1 174.5 0.0 0.0
2000 2 21 0 -1.6 1.3 74183.9 2.7 5.1 255.2 0.0 6.7
2000 2 22 0 -2.8 1.1 74088.5 2.7 3.3 234.7 0.0 7.7
2000 2 23 0 -4.9 0.7 74154.9 1.9 4.6 204.9 0.0 3.8
2000 2 24 0 -4.4 1.7 73356.6 0.2 3.0 244.5 0.0 9.8
2000 2 25 0 -6.4 7.4 73272.5 3.6 -3.4 240.6 0.0 24.9
2000 2 26 0 -10.5 1.9 73965.8 5.0 2.1 197.4 0.0 2.1
2000 2 27 0 -4.4 3.5 74104.5 3.0 5.7 251.3 0.0 0.0
2000 2 28 0 -2.5 2.1 73578.3 3.9 3.7 256.8 0.0 17.0
2000 2 29 0 -4.7 0.7 74017.7 3.7 2.8 216.6 0.0 11.2
2000 3 1 0 -5.0 1.1 74272.9 1.5 2.1 225.4 0.0 5.9
2000 3 2 0 -4.6 0.5 74409.7 2.8 0.8 209.2 0.0 12.2
2000 3 3 0 -3.7 1.0 74554.7 2.0 1.4 201.7 0.0 0.0
2000 3 4 0 -1.7 0.4 74171.5 2.1 3.7 191.2 0.0 0.0
2000 3 5 0 0.3 0.9 73658.8 -0.6 2.6 219.0 0.0 0.9
2000 3 6 0 -0.5 3.7 73501.0 0.8 3.2 249.8 0.0 7.4
2000 3 7 0 -2.9 2.7 73705.6 0.9 2.0 235.7 0.0 17.4
2000 3 8 0 -5.0 9.7 73894.8 2.8 1.5 242.6 0.0 6.3
2000 3 9 0 -5.9 2.9 73978.5 1.6 1.4 225.4 0.0 12.0
2000 3 10 0 -5.7 1.5 74339.9 2.9 -0.2 230.5 0.1 15.2
2000 3 11 0 -5.8 3.1 74495.6 5.9 3.2 239.4 0.1 23.3
2000 3 12 0 -7.9 1.2 74456.6 5.0 -0.5 211.6 0.0 10.1
2000 3 13 0 -5.9 1.9 74323.5 6.2 2.0 245.5 0.0 19.5
2000 3 14 0 -3.8 3.3 74118.0 7.4 2.3 252.5 0.1 35.2
2000 3 15 0 -7.2 2.3 74050.5 3.0 -2.7 217.4 0.1 28.0
2000 3 16 0 -6.8 1.2 74265.0 3.2 2.7 191.7 0.0 0.7
2000 3 17 0 -4.9 4.5 74000.1 5.8 1.1 251.3 0.0 30.7
2000 3 18 0 -7.3 2.4 74409.3 5.5 0.2 206.6 0.0 18.7
2000 3 19 0 -4.0 7.9 73875.2 6.4 4.6 247.7 0.1 32.6
2000 3 20 0 -8.6 1.6 73737.6 -0.2 -5.9 213.5 0.0 14.6
2000 3 21 0 -8.8 3.1 74430.0 0.1 -1.8 173.3 0.0 0.5
2000 3 22 0 -2.6 1.9 74619.7 1.0 1.3 191.0 0.0 0.0
2000 3 23 0 -1.3 1.2 74076.8 2.9 3.9 222.1 0.0 1.7
2000 3 24 0 -4.6 1.3 74165.3 6.6 0.8 210.1 0.0 14.2
2000 3 25 0 -2.4 1.2 74331.4 4.5 3.7 179.1 0.0 0.8
2000 3 26 0 -0.1 3.4 74428.0 6.7 0.6 228.4 0.0 39.4
2000 3 27 0 1.1 0.8 74259.3 4.8 1.1 196.2 0.0 0.0
2000 3 28 0 1.4 3.2 73397.1 3.2 2.5 255.1 0.2 28.1
2000 3 29 0 -4.6 1.1 73798.3 5.4 -0.3 241.1 0.0 31.5
2000 3 30 0 -6.1 1.5 74497.1 2.3 -3.5 226.2 0.0 22.5
2000 3 31 0 -5.0 0.6 74846.1 1.9 -4.2 213.9 0.0 20.4
2000 4 1 0 -2.5 1.3 74549.6 4.6 -3.0 255.9 0.0 13.7
2000 4 2 0 -2.2 3.3 74269.6 4.9 -4.9 271.8 0.0 38.2
2000 4 3 0 -5.5 1.5 74755.8 3.2 -1.7 207.7 0.0 0.3
2000 4 4 0 3.3 0.9 74518.7 6.3 3.8 220.0 0.1 11.8
2000 4 5 0 3.3 0.6 74006.6 9.3 2.0 220.6 0.1 56.0
2000 4 6 0 0.2 3.4 73722.0 8.9 2.3 235.4 0.1 39.1
2000 4 7 0 -3.9 1.3 74477.6 7.9 -3.3 239.9 0.1 43.7
2000 4 8 0 0.1 1.1 74906.5 3.3 1.0 187.4 0.0 0.0
2000 4 9 0 3.5 0.8 74313.3 0.5 0.4 234.5 0.1 13.2
2000 4 10 0 2.4 0.6 74480.0 1.3 -2.9 236.3 0.0 29.7
2000 4 11 0 3.0 0.1 74815.4 3.8 -0.9 237.6 0.0 7.3
2000 4 12 0 5.0 0.7 74694.9 6.5 2.0 237.1 0.0 2.4
2000 4 13 0 6.2 0.8 74443.7 6.0 3.5 273.0 0.1 27.2
2000 4 14 0 3.3 5.9 73864.5 2.5 2.2 264.5 0.3 36.3
2000 4 15 0 0.4 2.0 73814.7 0.2 -1.1 244.7 0.1 12.5
2000 4 16 0 1.9 1.0 74160.8 2.5 3.1 260.8 0.0 38.3
2000 4 17 0 3.5 2.6 74355.5 3.4 4.0 249.4 0.1 38.0
2000 4 18 0 5.1 2.0 74022.5 -1.2 1.0 283.4 0.2 73.4
2000 4 19 0 2.7 4.5 74097.9 0.0 -3.1 271.6 0.1 23.0
2000 4 20 0 4.1 1.2 74832.2 2.9 1.4 249.5 0.1 38.2
2000 4 21 0 5.4 0.5 74738.5 2.7 2.3 244.4 0.1 31.7
2000 4 22 0 6.6 1.1 74088.2 1.4 1.2 254.3 0.3 105.9
2000 4 23 0 3.2 5.6 74091.2 3.6 0.4 270.7 0.4 112.8
2000 4 24 0 -1.6 3.1 74395.1 4.3 0.8 248.9 0.1 47.8
2000 4 25 0 -1.8 0.8 74619.4 3.5 4.1 229.8 0.1 5.3
2000 4 26 0 1.1 7.7 74844.6 5.1 0.9 259.2 0.2 46.8
2000 4 27 0 3.0 0.7 74890.4 -0.6 2.3 223.8 0.0 1.6
2000 4 28 0 7.4 0.9 74286.4 -0.2 4.1 234.4 0.2 72.5
2000 4 29 0 2.3 4.1 74338.1 2.0 -2.9 266.2 0.1 53.1
2000 4 30 0 -2.0 1.4 75104.2 1.3 -0.8 204.2 0.0 1.0
2000 5 1 0 4.6 1.3 74979.2 1.1 1.4 219.9 0.0 0.0
2000 5 2 0 6.9 0.4 74525.6 2.5 3.9 235.7 0.0 18.9
2000 5 3 0 6.9 0.0 74461.3 3.6 2.8 231.3 0.0 4.9
2000 5 4 0 8.7 0.0 74278.8 5.4 4.5 268.7 0.0 24.3
2000 5 5 0 7.9 1.8 74071.6 2.3 2.9 289.7 0.2 40.6
2000 5 6 0 4.6 3.6 74201.4 4.5 3.9 279.1 0.2 71.6
2000 5 7 0 2.4 14.9 74083.1 2.6 -0.1 290.4 0.1 32.5
2000 5 8 0 0.8 6.4 74247.3 1.6 0.8 264.1 0.2 32.7
2000 5 9 0 2.0 9.9 74104.1 5.1 3.4 267.5 0.4 84.3
2000 5 10 0 2.1 5.9 73580.2 5.6 4.3 266.9 0.3 89.2
2000 5 11 0 -3.0 5.6 73496.2 7.5 2.1 235.8 0.4 82.8
2000 5 12 0 -4.9 3.5 74285.9 6.8 -0.2 233.5 0.3 35.9
2000 5 13 0 -2.2 0.8 74702.0 3.4 1.7 215.0 0.0 11.5
2000 5 14 0 2.6 1.0 74567.5 1.3 3.1 270.0 0.0 31.1
2000 5 15 0 5.9 0.3 74525.9 2.4 2.3 261.9 0.1 105.0
2000 5 16 0 7.1 3.5 74178.3 -3.7 0.7 254.3 0.2 132.3
2000 5 17 0 5.1 14.1 74036.4 -3.2 -3.0 283.2 0.3 106.9
2000 5 18 0 3.6 0.6 74787.1 -1.0 -0.9 250.0 0.0 7.3
2000 5 19 0 5.6 1.2 74897.3 4.2 1.0 247.0 0.1 28.3
2000 5 20 0 4.1 0.8 74963.1 5.1 -1.0 244.1 0.0 13.8
2000 5 21 0 7.4 1.3 74867.7 5.9 -0.0 294.0 0.0 3.2
2000 5 22 0 9.0 0.4 74672.8 6.7 1.2 275.8 0.0 17.3
2000 5 23 0 9.0 0.5 74430.1 7.6 0.4 284.4 0.0 12.4
2000 5 24 0 8.3 1.5 74395.7 4.5 0.3 280.1 0.1 25.1
2000 5 25 0 8.4 2.9 74228.3 3.4 1.2 275.3 0.4 74.7
2000 5 26 0 6.9 10.0 74019.3 4.2 0.8 290.9 0.5 90.1
2000 5 27 0 5.4 4.5 74522.3 4.9 1.5 260.4 0.2 31.2
2000 5 28 0 9.4 10.8 74554.2 5.8 3.7 295.8 0.5 135.2
2000 5 29 0 8.7 0.8 74464.2 4.2 1.9 275.2 0.2 84.1
2000 5 30 0 6.5 1.6 74451.3 1.5 0.8 239.8 0.3 21.1
2000 5 31 0 7.1 0.9 74264.3 3.5 3.4 253.8 0.2 60.8
2000 6 1 0 2.3 0.8 74938.4 3.1 0.5 211.2 0.0 3.3
2000 6 2 0 6.8 0.6 75022.7 2.2 3.3 217.9 0.0 4.7
2000 6 3 0 10.5 0.5 75052.2 4.7 0.5 244.1 0.1 27.6
2000 6 4 0 9.4 0.1 75266.3 0.9 -0.2 243.8 0.0 3.4
2000 6 5 0 13.0 0.3 75041.6 0.3 2.1 247.1 0.2 134.9
2000 6 6 0 14.7 0.4 74834.8 3.5 2.4 271.0 0.2 216.8
2000 6 7 0 14.4 0.3 74900.9 1.7 4.1 256.3 0.0 40.0
2000 6 8 0 14.6 0.7 74361.4 1.9 6.5 269.9 0.1 42.2
2000 6 9 0 11.3 4.3 74039.1 2.9 3.2 273.6 0.4 207.9
2000 6 10 0 6.7 2.6 74450.7 4.4 3.1 250.7 0.4 62.1
2000 6 11 0 8.3 1.1 74657.1 4.3 4.3 259.6 0.2 60.0
2000 6 12 0 9.2 2.7 74642.8 4.7 5.0 287.6 0.2 38.0
2000 6 13 0 5.0 13.6 74710.8 7.0 -0.9 302.9 0.2 54.2
2000 6 14 0 6.4 1.3 75010.4 5.9 -1.2 271.4 0.0 12.4
2000 6 15 0 8.6 3.2 74425.2 10.2 -1.3 306.2 0.2 83.5
2000 6 16 0 1.9 4.1 74555.8 3.0 -4.5 264.1 0.1 46.4
2000 6 17 0 3.7 1.7 74815.1 3.5 0.2 257.8 0.2 43.3
2000 6 18 0 8.1 0.9 74560.2 4.1 3.3 254.6 0.1 46.4
2000 6 19 0 8.6 14.0 74188.4 4.6 1.2 283.0 0.5 160.7
2000 6 20 0 3.4 9.6 74729.5 6.4 -2.0 285.3 0.1 61.5
2000 6 21 0 7.6 0.4 74793.0 5.7 0.5 256.8 0.0 14.4
2000 6 22 0 11.9 0.5 74696.1 4.1 2.0 262.9 0.1 116.5
2000 6 23 0 12.1 0.8 74721.7 4.4 1.0 269.4 0.1 218.1
2000 6 24 0 11.4 0.4 74786.6 5.1 0.7 262.3 0.0 39.2
2000 6 25 0 9.0 1.9 75111.3 2.9 -2.5 261.2 0.0 17.9
2000 6 26 0 8.1 1.1 75238.0 0.5 -0.4 234.6 0.0 2.8
2000 6 27 0 9.1 3.8 75144.3 -1.1 -1.3 268.9 0.3 137.9
2000 6 28 0 8.9 0.9 75118.0 0.1 -0.3 240.7 0.2 5.7
2000 6 29 0 11.7 0.9 74969.2 3.4 -0.7 258.6 0.2 44.3
2000 6 30 0 13.0 0.5 74876.3 2.9 1.9 260.7 0.2 53.5
2000 7 1 0 15.0 1.8 74703.3 3.0 3.5 280.2 0.2 327.9
2000 7 2 0 14.3 1.4 74708.6 2.2 3.3 285.4 0.3 280.2
2000 7 3 0 14.7 0.7 74528.4 1.1 5.3 276.5 0.2 249.6
2000 7 4 0 10.3 1.3 74633.3 3.1 2.9 260.3 0.3 285.7
2000 7 5 0 11.0 1.1 74746.1 0.3 3.7 252.5 0.2 88.4
2000 7 6 0 12.7 0.7 74698.3 1.8 5.2 251.7 0.2 47.4
2000 7 7 0 12.5 0.6 74858.0 2.1 3.2 256.4 0.2 83.0
2000 7 8 0 14.4 0.5 74945.2 1.5 4.3 263.1 0.1 59.8
2000 7 9 0 14.5 3.6 74982.2 3.0 4.1 288.6 0.5 172.9
2000 7 10 0 13.4 2.0 74900.6 3.0 3.5 273.1 0.3 163.2
2000 7 11 0 13.4 1.4 75054.3 3.8 2.0 285.4 0.4 111.4
2000 7 12 0 15.3 0.6 75248.9 1.8 2.9 277.5 0.2 129.6
2000 7 13 0 17.7 0.4 75389.4 0.6 3.2 280.9 0.2 143.1
2000 7 14 0 18.2 0.7 75346.6 1.9 3.4 283.3 0.1 80.5
2000 7 15 0 17.1 0.5 75213.2 4.2 2.0 275.1 0.1 26.9
2000 7 16 0 15.9 0.7 75103.6 1.4 0.9 302.7 0.1 20.6
2000 7 17 0 15.1 4.8 75108.0 1.3 2.2 302.9 0.2 145.8
2000 7 18 0 12.7 8.7 75196.2 2.4 0.5 284.9 0.4 198.3
2000 7 19 0 12.1 3.1 75370.7 3.0 0.2 282.7 0.3 260.0
2000 7 20 0 12.7 0.9 75336.6 1.5 -0.7 267.5 0.2 196.1
2000 7 21 0 13.8 0.6 75231.2 2.1 -0.6 262.7 0.1 151.4
2000 7 22 0 14.3 0.1 75283.2 0.3 1.0 252.9 0.1 94.3
2000 7 23 0 17.5 0.6 75227.2 1.8 3.3 274.8 0.1 335.7
2000 7 24 0 14.2 1.1 75228.5 4.3 -0.2 253.8 0.1 42.8
2000 7 25 0 13.5 0.4 75059.3 3.1 1.1 251.3 0.1 4.7
2000 7 26 0 15.8 0.4 74942.1 1.1 2.8 282.4 0.1 73.7
2000 7 27 0 17.0 1.1 75069.0 1.5 2.5 297.0 0.2 395.3
2000 7 28 0 17.6 0.4 75314.9 0.9 1.3 281.7 0.1 103.6
2000 7 29 0 18.4 0.5 75438.1 -0.7 -0.1 281.5 0.2 186.4
2000 7 30 0 18.9 0.3 75432.9 -1.7 -0.2 281.3 0.1 104.6
2000 7 31 0 19.0 0.5 75551.4 -0.3 1.7 286.7 0.1 112.7
2000 8 1 0 19.2 1.0 75459.3 0.9 0.5 296.5 0.1 240.9
2000 8 2 0 18.4 1.1 75226.5 2.4 -0.2 302.9 0.4 283.8
2000 8 3 0 17.2 0.5 75159.1 2.0 1.7 289.9 0.3 78.2
2000 8 4 0 16.5 2.9 75143.2 2.2 2.1 296.0 0.3 160.0
2000 8 5 0 13.3 6.1 75168.9 5.1 0.6 299.8 0.4 174.3
2000 8 6 0 12.8 1.1 75008.2 3.8 0.3 267.9 0.1 26.4
2000 8 7 0 14.0 0.3 74853.1 4.4 1.1 264.1 0.1 73.5
2000 8 8 0 14.8 0.5 74911.6 3.9 0.9 259.6 0.1 1.1
2000 8 9 0 17.7 0.4 75123.5 0.9 2.1 285.7 0.1 94.7
2000 8 10 0 18.0 1.7 75066.5 1.0 4.3 298.4 0.2 189.9
2000 8 11 0 16.6 0.8 75058.1 2.9 4.2 288.3 0.1 152.3
2000 8 12 0 13.2 0.3 75217.2 2.7 2.2 245.5 0.0 0.0
2000 8 13 0 15.3 0.1 74874.8 2.3 3.4 258.4 0.0 17.9
2000 8 14 0 14.1 0.5 74913.7 3.9 1.9 247.9 0.1 1.1
2000 8 15 0 15.9 0.8 75268.5 2.2 3.5 265.4 0.1 67.8
2000 8 16 0 15.4 0.2 75419.9 2.9 0.8 274.9 0.0 46.6
2000 8 17 0 14.1 0.8 75350.6 0.1 1.2 256.0 0.1 17.9
2000 8 18 0 14.7 3.6 75062.6 1.3 4.2 275.2 0.1 273.3
2000 8 19 0 13.6 0.9 74883.4 3.7 3.5 270.4 0.1 194.7
2000 8 20 0 11.6 1.5 74923.8 4.1 1.5 264.5 0.1 64.5
2000 8 21 0 9.8 0.1 75050.8 2.8 2.0 240.5 0.0 1.1
2000 8 22 0 12.1 0.1 75207.4 2.6 2.6 246.0 0.0 38.2
2000 8 23 0 14.8 0.3 75357.5 2.1 2.8 263.7 0.1 98.9
2000 8 24 0 15.5 0.9 75426.5 2.9 3.4 291.4 0.1 91.2
2000 8 25 0 14.9 1.6 75456.5 3.0 2.4 287.5 0.2 281.5
2000 8 26 0 15.0 1.0 75098.6 2.6 3.7 282.7 0.1 90.5
2000 8 27 0 13.8 4.0 74703.6 4.7 3.4 283.1 0.3 113.0
2000 8 28 0 12.2 0.8 74784.0 5.4 2.6 249.1 0.1 27.6
2000 8 29 0 12.0 0.2 74916.8 4.2 3.3 239.7 0.0 0.0
2000 8 30 0 11.9 3.1 74707.1 3.5 2.6 294.5 0.0 27.9
2000 8 31 0 8.6 1.3 74667.8 1.9 3.5 283.1 0.1 34.4
2000 9 1 0 9.2 4.7 74663.7 1.2 5.4 273.8 0.3 70.4
2000 9 2 0 8.1 3.4 74587.1 2.3 5.9 277.6 0.2 74.5
2000 9 3 0 7.6 0.7 74731.3 2.0 3.3 281.7 0.0 17.5
2000 9 4 0 10.7 0.2 74882.1 0.6 4.5 261.1 0.0 52.6
2000 9 5 0 12.0 0.0 74852.0 1.7 5.4 266.1 0.0 33.5
2000 9 6 0 8.0 2.1 74842.1 3.8 -0.1 277.7 0.1 67.6
2000 9 7 0 5.6 0.6 75115.9 3.7 2.9 226.7 0.0 1.0
2000 9 8 0 8.9 0.2 74333.2 4.8 5.4 224.4 0.0 0.0
2000 9 9 0 6.7 1.6 74006.7 7.7 3.2 260.1 0.0 12.4
2000 9 10 0 6.0 0.6 74300.5 6.5 4.9 233.6 0.0 0.0
2000 9 11 0 8.1 2.0 74651.1 6.5 1.4 309.3 0.0 25.6
2000 9 12 0 9.6 0.3 74872.2 4.8 1.7 254.2 0.0 0.5
2000 9 13 0 12.1 0.3 75127.7 4.6 0.9 253.7 0.0 0.0
2000 9 14 0 13.8 0.3 75413.2 0.8 0.9 254.3 0.0 0.0
2000 9 15 0 15.4 0.5 75193.6 1.7 2.5 260.4 0.1 13.8
2000 9 16 0 15.6 0.2 75177.7 1.8 3.6 264.5 0.0 39.4
2000 9 17 0 14.9 1.0 75038.6 1.0 2.7 272.3 0.2 219.5
2000 9 18 0 11.6 0.2 74901.3 4.9 -0.9 264.5 0.1 35.0
2000 9 19 0 8.3 4.9 74584.9 7.7 -2.8 302.6 0.1 73.7
2000 9 20 0 1.7 1.6 74622.3 3.0 -1.1 232.5 0.0 9.4
2000 9 21 0 4.9 4.9 73824.9 3.9 1.1 301.0 0.0 22.7
2000 9 22 0 -3.6 7.2 73845.3 -3.7 -2.4 273.7 0.0 9.5
2000 9 23 0 -6.0 3.3 74182.4 -2.2 -1.6 243.4 0.0 0.5
2000 9 24 0 -3.0 1.6 74870.6 1.3 -1.3 194.3 0.0 0.1
2000 9 25 0 1.5 0.6 75165.1 1.9 1.9 201.0 0.0 0.0
2000 9 26 0 3.4 0.4 75089.4 2.2 1.6 201.7 0.0 0.0
2000 9 27 0 5.2 0.2 75218.2 2.5 2.3 205.9 0.0 0.0
2000 9 28 0 7.1 0.2 75161.9 2.6 2.6 225.6 0.0 1.1
2000 9 29 0 8.7 0.5 74805.4 4.0 1.9 254.9 0.0 17.7
2000 9 30 0 7.4 0.3 74571.7 6.3 1.7 279.4 0.0 4.2
2000 10 1 0 7.4 15.3 74191.6 9.2 3.7 297.7 0.3 80.2
2000 10 2 0 4.2 3.0 74265.0 6.6 0.8 258.3 0.0 34.8
2000 10 3 0 2.4 1.3 74426.1 3.5 0.2 232.9 0.0 4.7
2000 10 4 0 0.9 0.3 74474.2 4.6 1.1 203.0 0.0 1.8
2000 10 5 0 -2.1 0.5 74726.2 4.1 -1.6 212.3 0.0 10.4
2000 10 6 0 -4.2 0.5 74868.4 3.1 -0.6 168.5 0.0 0.0
2000 10 7 0 -2.2 0.9 75101.7 -1.7 0.3 164.9 0.0 0.0
2000 10 8 0 2.0 0.7 75064.7 -0.4 2.4 179.4 0.0 0.0
2000 10 9 0 4.9 0.4 74757.9 0.8 2.9 191.1 0.0 0.0
2000 10 10 0 5.3 0.2 74210.5 -1.7 3.7 230.5 0.0 2.6
2000 10 11 0 3.8 7.4 73970.1 -1.2 2.9 264.9 0.1 23.8
2000 10 12 0 -0.8 5.9 74361.4 2.5 4.6 244.9 0.1 9.0
2000 10 13 0 -1.3 8.2 74320.3 4.0 4.5 265.7 0.0 11.7
2000 10 14 0 -1.6 7.7 74609.4 4.2 0.5 272.6 0.1 23.7
2000 10 15 0 -0.1 1.9 74765.4 3.6 2.5 253.4 0.1 20.8
2000 10 16 0 0.8 0.7 74860.9 4.0 2.5 211.7 0.0 2.4
2000 10 17 0 2.2 0.8 75169.1 2.5 2.7 222.2 0.0 0.0
2000 10 18 0 3.8 0.4 75053.8 2.0 3.7 215.0 0.0 0.0
2000 10 19 0 3.5 0.2 74803.6 3.5 2.4 227.9 0.0 5.2
2000 10 20 0 2.1 0.5 74726.8 2.2 3.4 214.7 0.0 0.0
2000 10 21 0 3.0 1.7 74101.3 3.4 5.0 257.5 0.0 12.6
2000 10 22 0 -1.3 0.8 74713.8 -0.2 -2.3 249.4 0.0 2.7
2000 10 23 0 0.7 0.2 75079.9 -0.6 1.2 205.8 0.0 0.0
2000 10 24 0 2.9 3.5 74800.0 0.8 2.2 242.8 0.0 1.7
2000 10 25 0 1.9 3.3 74559.3 4.3 0.8 285.3 0.0 17.5
2000 10 26 0 1.2 0.1 74523.2 0.9 2.1 237.1 0.0 7.2
2000 10 27 0 1.9 0.6 74337.6 -0.4 3.7 226.8 0.0 5.6
2000 10 28 0 1.7 0.7 74038.3 1.9 3.6 241.9 0.0 9.6
2000 10 29 0 1.0 0.5 74147.7 2.4 4.5 241.3 0.0 8.8
2000 10 30 0 0.7 2.7 74198.6 -0.9 1.3 274.1 0.0 16.8
2000 10 31 0 -0.2 2.8 74357.0 -0.7 -0.8 249.4 0.0 3.1
2000 11 1 0 -5.4 1.3 74277.7 3.6 -2.8 241.6 0.0 19.5
2000 11 2 0 -7.8 1.7 74298.0 4.1 -1.5 223.8 0.0 10.4
2000 11 3 0 -10.6 2.2 74568.0 3.4 0.7 168.8 0.0 0.1
2000 11 4 0 -7.6 2.0 74317.0 2.7 3.8 191.8 0.0 0.0
2000 11 5 0 -6.8 3.4 73597.5 4.9 -0.1 249.1 0.0 26.9
2000 11 6 0 -10.4 1.5 73593.9 1.7 -2.5 222.9 0.0 14.8
2000 11 7 0 -14.3 1.4 74077.4 0.4 -3.1 175.8 0.0 0.0
2000 11 8 0 -13.3 0.8 73899.7 2.3 2.6 173.3 0.0 0.0
2000 11 9 0 -9.2 5.1 73334.9 2.5 2.2 234.7 0.0 12.4
2000 11 10 0 -14.3 0.7 73390.5 -0.5 0.4 185.3 0.0 0.1
2000 11 11 0 -17.7 1.2 73724.8 1.5 0.1 144.3 0.0 0.0
2000 11 12 0 -15.9 2.4 73873.1 3.5 0.4 188.6 0.0 0.0
2000 11 13 0 -16.9 0.9 74185.4 2.0 1.6 142.5 0.0 0.0
2000 11 14 0 -14.0 3.5 74018.0 -0.2 2.9 170.2 0.0 0.0
2000 11 15 0 -11.6 3.0 73489.7 2.8 0.5 215.5 0.0 5.9
2000 11 16 0 -15.8 1.5 73908.6 2.9 -1.2 158.9 0.0 0.0
2000 11 17 0 -16.1 1.4 74283.5 3.5 -0.8 179.2 0.0 0.0
2000 11 18 0 -12.7 1.9 74542.5 5.2 1.1 211.9 0.0 0.2
2000 11 19 0 -12.9 1.2 74582.2 4.8 1.0 157.0 0.0 0.0
2000 11 20 0 -11.1 1.3 75000.2 2.9 1.4 157.4 0.0 0.0
2000 11 21 0 -6.6 1.4 74945.4 1.8 2.6 179.9 0.0 0.0
2000 11 22 0 -3.9 0.6 74697.1 0.4 1.5 199.4 0.0 0.0
2000 11 23 0 -4.7 0.9 74648.5 -0.1 -0.3 170.3 0.0 0.0
2000 11 24 0 -7.8 1.5 74676.6 3.4 1.5 196.9 0.0 3.0
2000 11 25 0 -10.1 1.0 74604.7 2.9 1.0 189.6 0.0 3.1
2000 11 26 0 -6.7 2.8 74276.8 4.7 3.2 252.0 0.0 4.2
2000 11 27 0 -6.8 3.7 74062.6 4.8 2.4 228.1 0.0 14.8
2000 11 28 0 -10.1 3.2 74323.7 5.0 -0.0 203.7 0.1 16.6
2000 11 29 0 -10.2 1.2 74402.2 1.3 4.0 187.8 0.0 0.2
2000 11 30 0 -4.8 9.4 74186.7 5.7 1.3 251.6 0.0 11.0
2000 12 1 0 -9.8 1.5 74918.3 2.0 1.5 190.6 0.0 0.5
2000 12 2 0 -7.7 1.1 74698.4 1.7 3.0 181.0 0.0 0.0
2000 12 3 0 -8.2 1.3 74591.8 4.3 2.6 176.4 0.0 0.0
2000 12 4 0 -10.5 1.1 74976.1 2.5 1.7 165.8 0.0 0.0
2000 12 5 0 -7.0 0.8 74758.1 4.8 -0.4 239.8 0.0 0.0
2000 12 6 0 -9.3 2.2 74992.8 3.2 0.8 199.1 0.0 0.0
2000 12 7 0 -5.6 2.4 74472.6 3.9 1.7 193.5 0.0 0.0
2000 12 8 0 -8.3 0.4 74200.6 2.2 2.5 178.7 0.0 0.0
2000 12 9 0 -8.0 5.6 73720.0 4.9 3.2 217.5 0.0 8.2
2000 12 10 0 -9.0 5.1 73527.7 4.5 0.0 226.6 0.0 24.2
2000 12 11 0 -15.4 3.1 73797.5 4.0 0.3 212.5 0.0 11.6
2000 12 12 0 -18.8 1.6 73578.1 2.0 2.2 164.7 0.0 0.0
2000 12 13 0 -14.5 3.3 73284.9 4.8 3.2 212.6 0.0 0.0
2000 12 14 0 -9.9 6.0 73412.9 5.8 4.5 223.3 0.0 10.1
2000 12 15 0 -8.3 10.0 73363.8 9.0 5.1 221.1 0.1 39.2
2000 12 16 0 -16.4 5.0 74338.7 7.8 0.5 200.9 0.0 6.7
2000 12 17 0 -9.2 8.1 74030.8 7.3 2.9 233.1 0.0 24.4
2000 12 18 0 -12.5 2.6 74890.3 6.1 -1.1 198.4 0.0 4.3
2000 12 19 0 -12.3 1.4 74603.2 5.1 4.3 204.7 0.0 0.0
2000 12 20 0 -14.3 3.5 73897.2 5.8 -0.4 184.7 0.0 10.4
2000 12 21 0 -16.5 2.6 74133.9 3.2 2.6 153.0 0.0 0.0
2000 12 22 0 -6.7 7.2 73849.3 5.2 2.4 246.1 0.0 15.6
2000 12 23 0 -7.1 3.5 74258.2 4.4 1.8 247.2 0.0 17.1
2000 12 24 0 -8.0 3.1 74245.8 1.2 2.3 233.4 0.0 3.8
2000 12 25 0 -10.8 1.4 74613.5 0.4 -2.2 183.0 0.0 2.3
2000 12 26 0 -9.7 1.6 75093.0 1.9 -0.2 186.4 0.0 0.0
2000 12 27 0 -5.0 1.3 74929.4 3.3 2.2 217.9 0.0 0.0
2000 12 28 0 -9.1 0.6 74835.5 4.3 -0.5 180.2 0.0 0.0
2000 12 29 0 -11.9 1.2 74876.7 2.7 0.8 165.0 0.0 0.0
2000 12 30 0 -8.0 3.8 74380.5 3.7 0.8 246.1 0.0 2.6
